SVM_Act	SVM_Pred	RF_Act	RF_Pred
1	0.957	1	0.973
1	0.93	1	0.86
1	0.892	1	0.89
1	0.961	1	0.87
1	0.976	1	0.93
1	0.961	1	0.93
1	0.96	1	0.92
1	0.955	1	0.947
1	0.946	1	0.937
1	0.974	1	0.99
1	0.985	1	0.93
1	0.991	1	0.9
1	0.928	1	0.883
1	0.972	1	0.977
1	0.959	1	0.837
1	0.979	1	0.907
1	0.994	1	0.93
1	0.972	1	0.943
1	0.989	1	0.933
1	0.972	1	0.89
1	0.935	1	0.94
1	0.971	1	0.943
1	0.983	1	0.95
1	0.979	1	0.897
1	0.853	1	0.92
1	0.993	1	0.92
1	0.942	1	0.93
1	0.987	1	0.937
-1	0.888	-1	0.837
-1	0.685	-1	0.843
-1	0.731	-1	0.497
-1	0.473	-1	0.367
-1	0.531	-1	0.5
-1	0.912	-1	0.933
-1	0.26	-1	0.283
-1	0.606	-1	0.517
-1	0.816	-1	0.733
-1	0.824	-1	0.737
-1	0.552	-1	0.37
-1	0.774	-1	0.83
-1	0.679	-1	0.743
-1	0.547	-1	0.65
